9.674088325486087214e+00
7.142873505022820702e+00
1.172630098372752272e+01
7.298323324171585469e+00
1.756179862594541063e+01
6.228489807439231640e+00
7.629568262550272095e+00
8.094463126987029966e+00
8.730104056760378484e+00
6.337544151939894732e+00
5.426794114388150625e+00
6.730072857933912189e+00
8.223349701924249189e+00
9.491733637965868553e+00
9.047595465861292041e+00
9.573447954812538185e+00
8.678754989481964444e+00
1.243463945127541237e+01
9.087973140064224964e+00
9.492615778091245460e+00
7.452769807169034699e+00
1.109911605895043074e+01
8.361702039213325222e+00
6.971661082606880555e+00
6.052667008198754139e+00
5.815653751021537587e+00
1.475435869294551061e+01
6.107975898287798522e+00
1.407312025805777544e+01
5.395697277249673185e+00
9.742780755405483717e+00
7.942124967788129375e+00
7.619086303878810362e+00
1.113049220830944286e+01
1.038033794198715931e+01
1.254290220168896219e+01
8.392585016057891423e+00
6.804391376190152663e+00
1.021426184028395667e+01
5.721663093936035338e+00
4.678505477816795377e+00
1.250857685742680125e+01
6.606406244763507907e+00
8.723450769266186455e+00
1.504856733374466238e+01
1.028020068368408957e+01
1.004999818619347884e+01
7.421053463118608029e+00
8.145899403491855040e+00
1.188277565619280018e+01
7.616656543826915815e+00
9.070132325669373330e+00
9.972501791117709402e+00
6.370664670833355636e+00
1.348598925149240557e+01
7.647074433007936989e+00
6.840960366509450274e+00
1.019476034388178221e+01
9.551580223552761595e+00
9.886368733949085552e+00
7.259857445689292810e+00
7.926329838628960900e+00
1.391993675593511881e+01
6.565164278729696434e+00
1.619273734766595751e+01
6.463325892443172904e+00
8.413603284951930661e+00
5.667029898040412128e+00
1.305111120103116740e+01
8.372843471544236138e+00
5.715908728022247587e+00
1.413573916317705503e+01
7.902089011491422177e+00
1.040038616725818521e+01
1.305561680823262805e+01
1.367487152705227516e+01
5.897083493100198304e+00
1.217030035489898587e+01
7.011259396436464897e+00
7.000077999759509062e+00
1.086541724116846019e+01
1.102925721129019720e+01
1.489099726357579634e+01
4.899170494058244785e+00
4.891968803317781500e+00
7.889528974679206996e+00
1.980783953291405197e+01
4.027812613584479173e+00
1.570191456680169217e+01
9.161515986121893107e+00
6.055945754571759210e+00
7.000048119476966590e+00
7.683266433106211046e+00
5.905065930427025656e+00
1.496111921056385086e+01
7.339637285112135423e+00
9.139148204007248921e+00
9.039954606530470116e+00
8.805079185562849631e+00
1.535296132052055640e+01
9.915003411760258345e+00
1.766518043138665206e+01
1.102599878966763569e+01
1.212231678291264814e+01
9.222379878847556611e+00
4.298937432798193292e+00
8.817614851502140638e+00
6.829724207951335835e+00
8.573519242094889137e+00
1.024454155229240904e+01
7.979532897527789714e+00
1.005035937677405045e+01
6.287739801197078648e+00
9.886506785298131206e+00
1.326604199594384070e+01
1.755915247742071372e+01
1.368745956607222958e+01
1.201582000248962245e+01
7.741726881444020769e+00
9.832976179643537762e+00
9.130704190830519096e+00
1.103284488223125948e+01
6.004003516821136088e+00
8.882232951911122498e+00
6.128915782168132154e+00
1.287029518582691345e+01
1.236679799482849340e+01
1.362286295894138988e+01
9.110505973699975613e+00
7.466520916013478448e+00
5.122129632510219466e+00
6.218390973362452279e+00
5.997727334654080700e+00
1.479439712000411866e+01
9.482271746938879531e+00
1.272085855476908201e+01
1.675771971053517717e+01
7.084315876589744931e+00
1.022926689082377116e+01
1.210192681537983894e+01
1.344406828788974195e+01
1.036886297639166088e+01
1.449226493307558528e+01
1.049751449720797858e+01
1.764678643114545054e+01
9.396495576547199136e+00
1.526905034376147796e+01
1.210039173266416235e+01
5.403256447653778771e+00
8.849933188460392230e+00
8.394728822967584492e+00
9.002308230609660455e+00
1.502918843041673469e+01
1.246400396600578020e+01
1.198182149995500545e+01
6.826699233163489033e+00
7.587234239735912489e+00
7.960013077623885991e+00
4.930814924405545696e+00
5.295367792316723055e+00
4.701267114019791471e+00
9.140500259302681840e+00
9.028797443493838060e+00
8.121676180674409551e+00
7.403201221390921738e+00
1.144920153487521475e+01
1.471457662566361435e+01
7.782583814949976642e+00
1.115414170579767728e+01
1.076050982484051843e+01
1.533237753740832687e+01
9.992073381553440825e+00
5.318730765245843983e+00
1.146871883159625582e+01
1.581152511354389567e+01
5.934091892399232293e+00
1.655201972905424412e+01
1.280283050859482685e+01
6.131355591384380688e+00
9.199463342088298745e+00
1.487829684902804495e+01
1.394389133076442100e+01
1.024008679081688911e+01
6.638588720379417829e+00
9.959040232821683603e+00
8.776522663062650054e+00
9.051335115640275930e+00
8.435467828624421571e+00
7.879031044935757677e+00
5.361911461041917626e+00
1.027426417391396463e+01
1.363824979333062437e+01
6.868119811366021565e+00
5.877395910401704171e+00
6.586387295608244763e+00
6.939409333961608972e+00
1.231136326049742102e+01
1.140429854464895598e+01
1.134596782660989156e+01
1.280155366348965806e+01
5.633790516532822146e+00
4.324748233502567984e+00
5.704001068941531472e+00
8.851513102263092847e+00
9.004637890370490894e+00
6.812487028159518232e+00
9.948751652939037626e+00
7.034992605727246051e+00
7.606845559783990574e+00
6.791149593891775638e+00
1.032108921297157877e+01
5.814889313810487792e+00
6.833184782994269568e+00
7.756693929932385601e+00
4.979528014770676414e+00
8.972795969574157482e+00
4.962806309414311556e+00
8.428377372700488479e+00
5.219542037512472810e+00
6.633785147936285931e+00
9.219990266086755426e+00
1.414390398367368640e+01
1.221868171389403379e+01
8.422940974270954229e+00
7.523573726922434091e+00
1.106220011271266657e+01
1.146051567385063130e+01
8.266344794179641298e+00
6.294043978746961976e+00
1.092977081402993633e+01
8.692447004493866203e+00
6.465000425819738439e+00
1.118511418580048300e+01
1.185201886606750321e+01
5.676438659885396198e+00
8.527886139269137189e+00
6.013302615833685749e+00
1.098713967418657411e+01
1.006909444317189006e+01
1.885265391982458993e+01
9.363156471649563883e+00
6.409876780396247753e+00
9.793172201115128317e+00
8.831737462556480622e+00
1.084639492129706184e+01
1.108148929459395227e+01
9.014496844890174998e+00
6.737523975339669846e+00
1.188371421060375610e+01
9.603943358030411659e+00
