8.151693106219757290e-01
8.807549279365917139e-01
8.810287070508129315e-01
8.788499346172894411e-01
5.323203844329131573e-02
8.254686710152137064e-02
6.921403857369030632e-01
9.908715138346071427e-01
7.742822895405302441e-01
8.130630806032369540e-01
8.303964434292130381e-01
8.819119098525919354e-01
1.717972408878858381e-01
9.093911756696381188e-01
1.449353284488232307e-01
9.616334156669940070e-01
7.120173922062945637e-01
8.482072990166317217e-01
7.310794111221311509e-01
9.385411507969723122e-01
8.570005683097521310e-01
7.785181478903192565e-01
8.792686495567085814e-01
9.563134106992282613e-01
7.820567474688878695e-01
7.811219028771502204e-01
6.252570397293660820e-01
9.047550610942419747e-01
9.035858885389081996e-01
8.864992180544024603e-01
5.896131007746528985e-01
4.221874454648675279e-01
9.326677636317253217e-01
8.179237884787391444e-01
9.274340230054723966e-01
7.095354185780675671e-01
6.363862237252165821e-01
7.197497488586840353e-01
8.973270125291877841e-01
9.825022239282085179e-01
7.734375372897706047e-01
9.325298191162397776e-01
7.997797677076383671e-01
6.867190337393165311e-01
9.118256692431701005e-01
7.799491702006940974e-01
7.471642180448064829e-01
9.638597646102012861e-01
8.585555106656708180e-01
8.448410682087921231e-01
6.714487101179913986e-02
2.633444609368698064e-01
2.164698433390480070e-01
1.376352486737796310e-01
4.103541310392549990e-01
1.514427497869081651e-01
8.701105889090858525e-02
3.284388306130109347e-01
3.494999054062166710e-01
4.301250903749335303e-02
1.014789725366080780e-01
5.806525940757104598e-01
2.200066650798011836e-02
3.221031003890654221e-01
4.852988072421722809e-01
2.009868518319465197e-02
4.636621489809984731e-02
1.872295678102373628e-01
9.693324305945055785e-02
5.751115956119806638e-01
3.747752406669915826e-01
5.238092521721309236e-01
6.545038032702206188e-01
1.480341159579448389e-02
7.421458304473295131e-01
1.505261276836083739e-01
1.749529086532940203e-01
2.744674610027682538e-01
9.173118490518893386e-01
2.344783321864265524e-01
2.415409045483723760e-01
1.080847740141782642e-01
1.043795986390642777e-01
3.646424694611945239e-02
2.342931631843758467e-01
4.450847482661923066e-02
4.223855422484806138e-03
5.925715712187066275e-01
1.860688459127238237e-02
1.000498896583055797e-01
2.625629799418187638e-01
5.085729942736730846e-01
4.314484129515561150e-01
1.392389700381738427e-01
7.820034278497174363e-01
5.093538267691712085e-02
1.077198307975803654e-01
3.271526887086332325e-01
1.733277898360692237e-01
2.055290839132855110e-02
