1.529050316600172044e-01
6.113661755606325521e-01
1.839172179267077878e-01
5.503380489206845250e-02
1.364235470668287986e-01
2.187572354794287480e-02
2.351587771697606633e-01
1.218335334402282227e-01
1.201757025555019315e-01
7.809201064758707067e-02
1.972689543618348085e-01
5.599411273818910573e-01
9.575393259867723272e-02
1.513262144544125498e-01
3.512240250547849635e-02
5.969832582612977223e-02
1.245954379624926028e-01
3.367248954149227869e-01
1.055737296035744593e-01
8.864861630194481590e-02
3.821160377595985147e-01
3.637925775897148800e-02
9.104433955892421437e-02
8.900208144079074790e-01
1.440399439226410505e-01
3.459222116998687535e-01
4.555507330889400214e-02
6.448505127926462688e-01
5.833982422868736473e-01
9.316770256336906475e-02
4.824371776716838284e-02
9.621470769181898752e-02
2.356201171416687570e-02
2.770740598132992449e-02
2.187269440659711239e-01
8.710558409234202271e-02
5.728894056982348354e-02
6.348196284175067206e-02
3.462216904652955507e-01
2.753502986512569861e-01
2.681176319139709774e-01
9.512468342926256870e-01
5.688244714996343321e-01
4.221005148373941362e-01
7.718172689345058624e-01
1.121431528311862824e-01
3.506982932356720317e-01
2.144536438743706863e-01
9.089344662253050211e-03
3.501403713029229148e-01
2.946661341299210979e-01
3.407351620065850878e-02
1.123332886959658300e-01
9.728094872519083003e-02
1.003738471266844429e-01
3.155508173510009756e-02
1.230734799046813710e-01
3.121788254698134590e-01
5.530930190356599108e-02
5.264147666387888197e-02
2.103006959236722317e-01
1.476261805194667709e-01
1.026948421345592333e-01
1.396583251498510758e-01
6.244597150517659095e-02
4.196689397344400829e-01
2.646380810784089710e-01
2.969657497690704751e-01
1.847252881487905507e-01
2.102080749868878717e-01
4.548950134264479611e-02
1.501146900523972760e-01
3.037790407438614171e-01
8.233448783273158988e-02
6.177393283281796821e-01
8.034427771736706025e-02
9.288577789440062571e-02
2.784552796370899919e-01
9.066267308489268928e-02
2.894543178310287623e-01
7.157533553681201255e-01
3.204810345789370629e-01
8.604750738758104589e-02
1.859950717498866923e-01
5.623686961504799076e-01
7.341544732331244105e-02
3.034545528287018179e-01
5.261629811207514384e-01
9.260311975949782337e-02
4.467864870185449949e-02
2.955864090028781366e-01
3.885022156812013572e-01
1.510702333814624709e-01
1.877657327303766388e-01
3.285376774965564350e-01
1.973939134673350082e-01
2.454899599289887546e-01
9.494780337764825717e-02
8.210498095972600108e-02
7.983988580004414137e-02
2.085295879577133971e-01
2.139291136599150989e-01
3.144936901429889325e-02
1.711481702994015197e-01
5.856532651110533949e-02
2.876200537452654193e-02
9.735311183736016227e-01
8.021568122655722832e-02
5.448434694334977624e-02
7.428690300658326306e-02
7.993889845207087230e-01
1.630155681984460647e-01
1.163271260625855508e-01
1.474908130473510104e-01
4.926069261744869116e-02
1.062948204362663268e-01
4.504819876608289753e-01
7.448483043270910653e-02
3.280787420252968128e-02
1.976432470896928029e-01
6.370125634527874781e-02
1.193773564812281307e-01
3.857560127624670154e-01
4.416603835383736132e-01
3.514793488231112706e-01
1.409540474192623183e-01
2.693787072130173765e-01
1.103821781351422143e-01
1.851197939372219992e-01
2.941136554656009761e-01
4.842946898452568649e-01
1.382710146929491957e-01
7.535181286930096034e-01
4.455905905699838465e-01
3.907242550509317236e-01
2.449479788983286999e-01
2.799374649599969400e-01
2.909235375453461669e-01
1.287843337532439125e-01
9.553040714554645874e-01
9.192250651561963137e-02
6.385282056676662432e-02
1.661104394423914277e-01
3.285177122820416296e-01
4.269127951000485366e-01
2.387912013065539574e-01
1.802030812379218361e-01
4.372733638876249995e-02
1.100366066355215611e-01
7.473686821183629647e-02
1.492348191652210776e-01
2.074549268669919067e-01
6.586494499330859675e-02
8.722687409176779760e-02
2.041375360777148706e-01
5.749617203714396663e-01
7.585493609849155994e-02
9.861139146111957965e-01
3.825218463825157122e-02
1.176430742087098552e-01
9.357243348280767925e-02
1.606362379315039723e-01
7.642331057783049997e-02
3.448100984812095815e-01
3.721667288315058109e-01
2.597025356074368282e-02
3.372629660813669661e-01
6.098421452872464926e-02
3.933588526128820040e-02
4.109367837289026881e-01
3.987040668480530958e-01
6.111821967181403636e-02
3.740549274182902728e-02
1.954756103320016425e-01
5.834289024829314441e-01
5.478289212207255732e-01
2.554743098364822829e-01
8.475276976982108745e-02
4.925262964602763333e-02
7.446693924013274291e-02
6.934702306692187845e-02
1.270648598821614850e-01
8.027216920990046800e-01
4.159008250167557305e-03
1.246069164115157085e-01
2.497961124148944528e-02
3.042025382254738841e-01
1.480220162024761255e-01
2.457712851627276984e-01
3.011367192895527123e-01
1.931197990100270989e-01
8.604627561457409146e-02
1.548647178182241402e-01
1.933187432126967642e-01
2.457260137534163502e-01
6.294786068187939732e-01
1.216963449833594335e-01
2.410397482012247017e-01
6.899594734958314213e-01
3.548109422411801495e-01
1.327604893902057104e-01
1.243473372430431434e-01
1.557518220155894861e-01
9.158806286692597332e-02
4.043638675811137007e-01
4.229357553244528223e-01
4.776539794569841652e-02
1.670205496726903660e-01
1.436068660834481647e-01
1.500926004279363180e-01
2.791263665976620456e-01
5.210784113720430266e-01
4.445473185990012621e-01
9.651017341889753798e-01
3.144325370746731130e-01
1.624577046680600670e-02
1.833377243455173722e-01
2.151306666744333962e-01
3.688254900732883534e-01
2.276321943155378003e-01
1.094936337010734839e-01
4.597945178121076171e-01
7.170638259054751273e-01
6.443351378004383290e-02
4.656734394491266610e-02
8.345112472686175287e-02
4.417006356445057347e-01
5.291939983311042539e-01
2.098662380099019023e-02
1.447932151392037348e-01
1.369673325067359282e-01
8.589682873185571221e-01
8.287886334731627835e-01
2.488047175122431315e-02
2.957895009382999207e-01
2.112523462650815406e-02
1.832028029421045312e-01
1.822877684768954842e-01
2.656317392079792783e-01
2.973713408257687776e-02
2.141382463512395418e-01
5.445546213960278381e-01
6.163335151597663097e-01
2.066932522123584026e-01
3.077858468654141172e-02
1.576936573441376777e-01
9.412068557062396312e-01
2.535803039876292631e-01
8.504264459339215820e-01
4.060693998096086554e-01
8.474876193356500886e-01
3.832465818375039857e-01
4.207967769450444706e-01
1.840233618927947234e-01
2.124500979347983542e-01
1.105570392153980563e-01
7.409978323706650771e-01
3.681716260585870537e-01
3.237307656772292486e-02
1.226056646384313109e-01
7.577732462441627570e-01
6.688385250597043141e-01
7.607119016664258548e-02
5.587952617859322929e-02
4.497517362829261400e-01
3.774284929199978045e-01
2.417498614269702195e-01
8.336711996015348791e-02
5.164971100750267441e-01
2.047660233769211247e-01
2.782228984152626192e-02
2.441045111343984053e-01
3.933466289483196487e-02
1.138699629230072452e-01
1.963212987827075984e-01
2.119816641781920308e-01
1.659499273241467898e-01
1.939234591527146806e-02
5.405157803237947006e-02
6.502830605124474417e-01
4.259569111758741700e-02
1.418598847198962176e-01
2.618259759775705131e-01
5.808353555015897951e-02
6.336434660828593746e-01
2.077289358286962817e-01
9.769262119667976307e-01
6.639589536258313496e-01
7.059730252201985856e-02
5.974427596440468752e-02
9.511757728728194028e-01
8.245450048100558260e-02
6.532353449155625658e-01
9.693039940275643973e-02
6.769898875860641541e-02
1.525543742180125728e-01
1.134288410216735127e-01
1.741283029864634235e-01
2.270814039738648926e-01
2.377981675013190466e-01
4.343330758019863791e-01
2.288530159319314694e-01
1.131157930622079810e-01
2.746910402483215830e-01
1.508781351042020880e-01
7.818945380073857865e-02
2.181207906244861661e-01
7.238377264562344260e-02
1.324178621130527866e-01
5.733202192984014622e-02
1.379320118974846493e-02
5.615429392930996189e-01
8.982740747493165312e-01
2.074520421190324260e-01
6.817162744568128208e-02
6.130244666236737139e-01
3.189301140372053922e-01
7.039463284979721180e-01
3.087051931085919507e-02
7.715500154639434172e-01
2.164183908529194178e-01
8.533605245333755196e-01
1.551065071908312165e-01
3.328143819726287478e-01
6.971660695036321909e-02
4.757300769669532414e-01
9.583744356514033447e-01
3.116615744969135626e-01
4.800818857039889087e-01
3.588760782627470891e-01
3.816236295033349768e-02
4.151535361083842635e-02
5.041935286429830576e-01
1.556832498186282998e-01
1.497769447464319947e-01
4.428564739897864477e-01
2.473451566080443753e-01
2.072941616380707119e-01
1.847954314906924411e-01
2.542388368371261143e-01
4.725094034168255686e-01
5.847088759459203589e-01
2.749440705171235511e-01
1.956232889387206353e-01
5.844038098502551265e-02
5.789111677358728392e-02
3.798445637445386214e-01
5.457895144809093990e-02
2.045695239337684268e-01
9.467808556898302252e-02
2.069272394394158221e-01
1.301331385560521858e-01
5.936942673721973263e-02
2.297759125607893305e-01
1.538300456205268507e-01
3.864865643356579228e-01
1.669594849895263411e-01
3.006182428869946244e-01
2.505324823050251171e-01
1.493593250651093982e-02
1.038096632325019031e-01
2.507258187058857835e-01
3.566129505055889992e-01
5.157260240360826975e-01
4.659868119969242523e-02
2.424644788223548064e-01
2.609107372790891444e-01
2.383800076829773462e-01
1.776105331596427306e-01
2.919423282959782706e-01
6.445056871620908900e-01
1.690508408308900312e-01
6.572747543738947096e-01
6.490086702725325063e-01
1.250390859166131963e-01
7.914753159724399190e-01
6.479846784209394861e-02
5.914895076901699467e-01
2.177079718517815621e-01
2.679728919340188531e-01
1.762577933694025045e-01
5.902736658708931383e-01
3.844662972939192902e-01
1.717176672895774359e-01
9.897987028349312932e-02
6.191715412437032162e-01
9.697877769032549333e-02
1.046972934173654723e-01
1.748155970389858593e-01
4.744087801190470244e-01
2.998461780844111635e-01
1.492671642038578828e-01
1.051070716605140842e-01
7.097854819672534399e-01
8.239135552309689858e-02
1.715021369481916635e-01
8.687250110656764834e-02
4.034029325639726382e-01
3.910678003675895908e-01
5.731653134348742018e-01
4.881293397630848685e-01
1.414139419120490071e-01
8.495112897900907178e-01
9.965938261954302435e-01
9.358549771412489893e-01
7.365723511707771287e-01
9.613672721817815292e-01
2.228774239292237169e-01
9.400249322285545439e-01
6.489411099385674619e-01
9.619332054630815865e-01
5.529011153573234472e-01
2.960482489573388887e-01
6.224692994473562946e-01
9.863598127576227448e-01
9.231575666473965658e-01
4.222691732087889838e-01
3.482629001367683053e-01
9.766170253940055224e-01
9.895262862674889526e-01
5.933307543796070282e-01
8.704301082762386788e-01
3.668881059275250212e-01
9.764884742113797422e-01
9.559687046475777716e-01
7.277598246679484184e-01
6.271780401075706113e-01
9.556271911660276785e-01
9.688749902995842378e-01
2.266749573207789969e-01
9.982487660371990312e-01
9.542720332848566578e-01
5.907770237735415764e-01
8.656715116359483542e-01
4.613423407075569749e-01
9.613233430210131880e-01
2.543893564485755210e-01
9.999703579688432598e-01
8.661382144752466372e-01
9.817168471837097732e-01
9.798572258394313561e-01
6.948103360588515631e-01
4.967871436348641478e-01
9.835983774994297990e-01
2.767645140440438967e-01
9.999655461437102488e-01
9.976466817224026729e-01
9.935807571936241533e-01
4.076495935168543139e-01
1.925005902872234387e-01
2.197504276342968077e-01
9.746607281361456820e-01
9.813554871187738504e-01
9.833330945177255478e-01
8.822985563474950998e-01
9.936545464982949882e-01
6.319593506101888192e-01
9.861855006002625545e-01
2.105304808141383599e-01
9.922444989107921387e-01
6.442877273021051510e-01
7.787308047538881173e-01
8.668977955779688660e-01
6.783236790270209537e-01
7.686572376559455133e-01
7.643181149243325478e-01
9.556168702693592643e-01
4.622648023636638515e-01
9.999344074038634123e-01
6.743955887048534992e-01
9.498203928945883057e-01
6.101756670528779569e-01
7.491859113189474062e-01
7.273443183926966427e-01
3.834639506783467100e-01
8.379940665201374150e-01
7.594289332701356088e-01
9.999100222414070149e-01
9.927031442113576354e-01
5.975188479916285766e-01
4.328167878887091979e-01
9.999996120195084881e-01
6.571435518050068314e-01
5.320503702250766187e-01
6.942853838844249559e-01
8.525954468856261625e-01
7.413262898109574950e-01
3.865641446693093841e-01
8.205990107420518820e-01
1.376339654886881980e-01
3.474293437018843855e-01
3.447670659083775235e-01
9.522196017917876620e-01
9.133709889930353709e-01
8.989236768503701125e-01
6.240148403036482883e-01
4.612150416089539351e-01
9.999980976791809084e-01
9.999571068572811194e-01
6.253073120395401530e-01
2.165187691820772975e-01
3.068325288218815561e-01
9.153662037194983947e-01
9.484973624031242112e-01
3.330900630526477668e-01
2.138788576373157890e-01
6.457345786430943591e-01
9.911572170981609586e-01
8.594920010325851623e-01
9.966082712152043444e-01
9.999808846112900884e-01
9.065548587035699990e-01
9.770331798824068992e-01
9.767932958863815296e-01
9.981237971927807706e-01
8.685662171159915790e-01
7.006356105200904905e-01
2.143508327798784863e-01
9.908828238158993162e-01
2.400995885027079058e-01
9.436333574549509162e-01
7.558663920257561175e-01
9.117193471687122797e-01
5.007450893175326989e-01
9.824085617366388190e-01
9.997631291534131437e-01
9.794540670228236712e-01
9.071403091127174800e-01
9.999920214908282201e-01
7.392562605649511953e-01
4.406028874092479120e-01
7.047779729454085595e-01
9.940167112223655677e-01
9.953788828141320044e-01
7.284725317692499758e-01
4.737999010936647104e-01
6.069468633310383110e-01
9.965986097781132091e-01
8.393288952794788482e-01
9.981509391323405422e-01
8.189209877458613063e-01
4.700015593787146284e-01
2.839341368113343367e-01
9.969530560502779526e-01
6.463670701434665045e-01
4.836632997617367202e-01
4.961379481913844036e-01
3.243861757104284926e-01
9.994683485497469766e-01
9.979052502917235001e-01
3.720044427670022857e-01
7.794770055398552167e-01
6.935654955545325073e-01
5.111428270482245573e-01
9.736770536268266607e-01
9.983760667835632763e-01
9.955957452000497865e-01
9.977354736217814990e-01
9.687628397825498450e-01
4.044463408374397995e-01
9.415063519370785450e-01
9.991131466338326605e-01
3.610352293723054218e-01
9.784048725420194659e-01
9.302338542823672674e-01
9.463783328780525084e-01
4.472716303099268376e-01
3.429672686231827750e-01
6.081977991625899804e-01
9.992898543495735142e-01
9.475919356979195518e-01
9.999999906522388793e-01
9.820394904398972447e-01
9.370766881559224881e-01
8.364549192898411700e-01
2.852504020900475945e-01
9.999999575213289749e-01
7.950044780812638434e-01
9.903159727801669199e-01
8.488343521973766848e-01
9.999619472466455550e-01
9.298756514404847850e-01
9.974600881963400223e-01
4.011874093851076073e-01
9.922420842943855401e-01
4.357960388365019200e-01
9.999895659426034644e-01
9.999804064780356549e-01
9.976241422836659156e-01
9.167395997470323410e-01
6.955952518466113066e-01
2.495790336172445667e-01
9.733241368903009505e-01
2.249873504056760509e-01
9.998915935119538911e-01
7.706922791502205383e-01
6.681481345683156770e-01
1.199567729550624212e-01
5.106153488836649990e-01
1.946416154015018773e-01
7.631867151472240818e-02
7.339308660860348610e-01
7.239165169945277478e-01
2.181299015552907450e-01
9.999045581868715171e-01
8.087886355969795549e-01
7.170130914371044550e-01
8.251117230404528824e-01
1.278712853614248912e-01
2.044896340703533100e-01
8.836572189672480260e-01
3.567401399568725928e-01
4.270807439403255246e-01
9.583808172923091728e-01
8.859095561563999910e-01
9.273169178747729946e-01
3.645277668738566290e-01
3.621969869767750483e-01
4.190118807327026240e-01
8.621134608231720842e-01
9.352448651112600375e-01
9.359944553799840472e-01
8.119005272987943611e-01
8.063554663685282842e-01
8.489946303627885493e-01
2.306461808462927920e-01
6.560857660228004429e-01
6.616448626320542425e-01
7.326757999965600732e-01
8.222873297444138752e-01
3.713186394718240857e-01
3.631124236380190440e-01
7.816127494456612812e-01
9.970104249189184475e-01
9.725824040200251597e-01
9.925914735374105069e-01
4.979737044015000169e-01
9.979976360897349075e-01
6.541442112072709536e-01
9.908157765464444822e-01
9.987023510629423617e-01
8.129024556216584152e-01
2.641607061220835329e-01
8.869104060431440839e-01
9.957650798364595657e-01
9.994774835625210851e-01
9.999980556769377804e-01
2.446679556385685794e-01
9.959442024392255455e-01
3.935821757334754256e-01
9.460930839307803986e-01
6.526551724338096605e-01
1.912531985058025519e-01
9.997354497392691997e-01
3.129046826325732611e-01
5.105373779034612092e-01
9.205756915004915664e-01
9.956898143322207018e-01
9.996947146227371794e-01
3.998629767806066715e-01
4.646688405339176042e-01
9.349337573709193272e-01
4.649218786230808198e-01
9.985908421124980450e-01
3.944953994231393812e-01
8.147087835457497151e-01
8.641391149262073190e-01
9.626039809918215395e-01
8.065168053213132016e-01
9.663334653191960610e-01
9.053539840732386379e-01
9.956295234949151807e-01
5.339523780827337696e-01
1.000000000000000000e+00
9.224922271054571965e-01
5.018272858610330900e-01
7.903264602434409980e-01
7.157275094752304501e-01
9.740148067867498982e-01
3.275857088606516920e-01
9.999800279250145030e-01
8.526278765051527042e-01
6.044431473448478309e-01
3.668773476687827162e-01
7.746571745186400237e-01
9.999992340048379225e-01
3.000894132590274932e-01
9.701461281744226950e-01
8.574004263518680835e-01
5.747729564152435078e-01
8.196093486511178972e-01
1.000000000000000000e+00
8.992962018374224265e-01
9.826585695404964627e-01
4.338744351090305651e-01
6.118608438519119730e-01
6.255376951599489477e-01
9.607850767393071312e-01
9.999999999999238387e-01
7.713017954583291091e-01
8.461159000040378020e-01
1.369604610123475730e-01
9.925394224152394029e-01
9.501523995684048041e-01
9.972006570196773056e-01
9.758217048683210937e-01
9.341108515270424295e-01
2.089042982508604318e-01
3.051924071753000511e-01
3.155708280696512547e-01
6.858748954514789498e-01
2.505914542701663805e-01
9.504387028601447573e-01
9.851643530059187581e-01
8.954302453851965549e-01
6.254056973872186287e-01
3.479121707419693954e-01
8.248531797499158991e-01
7.779971289049693040e-01
9.894682758429360625e-01
9.999999765100046067e-01
9.323616537000386506e-01
9.999995929248880477e-01
9.483569898920952701e-01
9.990457959060122795e-01
6.458558068191933010e-01
9.653742194912799945e-01
9.999999981596849885e-01
6.750874785861629146e-01
9.684039638785135740e-01
7.111446235212272038e-01
9.968778943628123779e-01
8.434396311556182635e-01
4.012056709132481025e-01
9.975938520594228587e-01
9.997434081951626084e-01
4.439730923146243402e-01
9.980357639041498308e-01
7.868499413700894562e-01
9.997878251852363451e-01
3.336090757642788951e-01
8.510108752606972971e-01
9.981023948190282935e-01
9.973862363635730421e-01
9.939608593045461404e-01
8.028655118742457075e-01
9.387664965558023544e-01
8.666965299443010196e-01
5.104283626797148088e-01
8.967806410452547894e-01
9.807339661433426281e-01
8.330598412547476350e-01
3.174775720191363448e-01
5.416256163338032392e-01
3.888773298357414698e-01
9.977240764326872347e-01
9.509067729064659691e-01
9.943769178247099383e-01
7.844263134314579666e-01
9.899956144049337770e-01
9.960958333513385554e-01
9.556254578166155644e-01
1.175578521912481744e-01
9.751762563460411037e-01
7.687833133303002553e-01
9.706128913496152588e-01
9.999406861763168175e-01
9.973268715827587894e-01
3.800326694637597424e-01
9.968023407218228327e-01
9.983950725341838028e-01
8.110367613788150853e-01
2.727715239588150431e-01
6.745738725588549256e-01
7.343680658782651971e-01
3.826676132356449656e-01
7.388440607790008885e-01
4.169075906631428685e-01
4.965559767973924954e-01
9.672328247502154364e-01
9.080890716852261235e-01
9.943222940401453824e-01
8.163454392216963340e-01
8.025900680593139880e-01
3.358178379716643125e-01
4.232971767845036815e-01
2.806842947974217406e-01
6.708369164308742860e-01
5.944751872317149965e-01
6.765967355888409251e-01
9.875157629113479052e-01
9.238472624762033014e-01
9.395779247152897806e-01
6.190279408328981381e-01
2.779832978588367975e-01
6.555992103813798044e-01
2.881762924882160237e-01
4.255422938831175950e-01
7.512651448931521037e-01
5.877262736505769469e-01
