8.699070440263565462e-01
3.829289416738326790e-01
1.464365472941866753e-01
6.429509314714212387e-01
1.061785171451931492e-01
3.025424000997303797e-01
4.208989247161462055e-01
2.415094685512659753e-02
2.908017800029182032e-02
4.090008601705651392e-01
5.524067844729558391e-02
6.847052657624386196e-01
5.922409890041413494e-02
3.452952649159359289e-01
7.242365012216398501e-01
4.458771253945343488e-02
4.809158258400032283e-03
4.297532034033944015e-01
3.468225263012020276e-01
6.175324699039357740e-02
3.481050742718266311e-01
4.552996385176946714e-01
3.810695296377327734e-01
4.931452456805066609e-01
3.708778069189396787e-01
5.256048926516409397e-02
6.109249283672598535e-02
4.020364490771768384e-01
5.881113016202357269e-01
4.638039423158530489e-02
7.119833426601702708e-01
7.313224722842750491e-01
8.794038042036250724e-01
3.801958076201109593e-01
1.346170934296588573e-01
2.180825452652166915e-02
9.742473917192140398e-02
9.140977729132249152e-01
7.709660716315822615e-01
2.730358387515386953e-01
2.774921899745586007e-02
1.024189021815401224e-01
4.816861798789983107e-01
1.754290457241783063e-01
3.049104075766392308e-01
2.117627568707450281e-01
6.475891603580627987e-01
1.448061299120350642e-01
7.546283171873215123e-02
4.458105164549186483e-01
3.511620808426965668e-02
5.011395395204782943e-01
9.673272612834540873e-02
2.461202999844910588e-01
1.966136069158281596e-01
1.799631042248176216e-01
2.782493716815704898e-01
4.039040649155774543e-01
8.776427947629089621e-02
1.418152971279774133e-01
9.536133638929271406e-02
6.536651447639735268e-01
4.376689684978342654e-01
1.077444925808547643e-01
4.428246960660299769e-01
5.809580891521025636e-01
1.426068291113752051e-01
1.024315050091448576e-01
3.616473014346366921e-01
7.098384951320918512e-01
7.038405300578178814e-01
1.134378334103439967e-01
6.768970209317840547e-01
1.331890959477334546e-01
6.692190514330862428e-01
3.639711841795363334e-01
3.972334348898380330e-01
3.500428285222908498e-01
1.802801155926599119e-02
3.834168179838695623e-01
8.287215281537492206e-01
5.838613840403623911e-02
5.401335728160846505e-01
3.007223910628341601e-01
7.915975102467119606e-02
8.635937620258980763e-02
3.574164637485644502e-01
5.890409098795718057e-01
3.266023916486589518e-01
3.944192694378510777e-02
4.937277273103795050e-01
1.901989688658240266e-02
8.155542673736410064e-02
5.894992185566700904e-01
8.789319006758566921e-02
2.235735794203164151e-01
1.597590478538101488e-01
1.306477437120274199e-01
1.132278182572209330e-01
3.124779924011132359e-01
3.981135810056320862e-02
7.977514723096286176e-01
8.327445570516728290e-01
4.047746602719102804e-01
4.787162370365111719e-01
6.243265330525963816e-03
1.755137832183379862e-02
4.632771111540085612e-02
5.499966787738316265e-01
4.227859352732352832e-02
2.063149557594883832e-01
7.772203620780219202e-01
2.430341572305370346e-01
3.936760447897142551e-02
1.613588311386443819e-01
4.871475464205941852e-02
4.421288280515069807e-02
4.134990345455941130e-01
3.949516389379065240e-01
4.390716251389838176e-02
3.232634063967733673e-01
9.734184931689171538e-02
8.046179361126040708e-02
9.651451712614971257e-01
1.596827961195106393e-01
9.291204597474690338e-03
4.726380383149606512e-01
3.165515718272158829e-01
7.787237863889059364e-01
2.266411238501246928e-01
6.760744319403380609e-02
7.920363519284954190e-01
8.128432170778507326e-02
2.475446502732992285e-02
2.169917974103504135e-02
4.756392063433990680e-01
1.914588571373712078e-01
2.169480442869751724e-01
5.174980036856556831e-01
7.471656745596427784e-02
2.898671449415962109e-01
2.055329739846623871e-01
6.647452432209557949e-02
4.574932431841673836e-02
4.368521715595190535e-01
9.108886872802743895e-01
1.890408243393200960e-01
1.315953630824368698e-02
7.729679812837450537e-02
6.013723215233163222e-01
6.297382343888946465e-01
9.189334240283685007e-02
5.634377904233670575e-01
4.751448436294749417e-02
5.166239156131366972e-01
1.071834513792743054e-01
4.302924817704281701e-01
3.429239877217033494e-01
8.641506109511454259e-01
1.152262546031216917e-01
5.191746694692581654e-01
4.912431808195349275e-02
5.158889059810212174e-01
6.870055507548273876e-01
8.442684423178632713e-02
3.748571909851338563e-02
2.324838236611557474e-01
8.159281904113152573e-02
5.222959203836227138e-01
1.364039674386041956e-01
4.808492563206354098e-01
6.553328990422668809e-01
2.640440794154091941e-01
7.428205847790601002e-01
2.707762456821504182e-01
2.662255058523351620e-02
4.778723052560151507e-01
2.052561360632806642e-01
1.374055958432332247e-01
1.650059580674514415e-01
1.226644235050479148e-01
1.729334309610056630e-01
3.000193825389952385e-01
9.758954687301405265e-03
3.993459974576529792e-01
8.803250719791327894e-02
6.113596511517535581e-02
4.282527254436351849e-01
2.398664581315183286e-01
1.040702108912999052e-01
3.558801706595935560e-02
1.730980662058910768e-01
2.782244333592786001e-01
8.709134143658419092e-01
1.994105849084904791e-01
1.117492143052933734e-01
6.963549324557992692e-01
2.835974858842804092e-01
3.353028983519354411e-01
5.925705404709669111e-01
1.477634616701344605e-01
7.942959320558382053e-02
6.865336027115254147e-01
3.850339994831881302e-02
4.060047088109975388e-01
3.644829132426098961e-01
2.530319764618529921e-01
2.336586972080881008e-01
1.425620712049263661e-01
2.218506645644659908e-02
7.000053334967392127e-01
3.313109736857983156e-01
1.450737654215097372e-01
2.268500985814152215e-01
6.767857801682283792e-02
3.125386481057453730e-02
1.543268305810450713e-01
5.517231470433341806e-02
2.969099283092856423e-01
3.447956531674030711e-01
3.035135640285647335e-02
1.602068803649921991e-01
3.046719205490845336e-02
1.550041014537620054e-01
4.610737849958546075e-01
6.893125922563387853e-01
2.462320791777832529e-01
8.673382715635452600e-02
2.215999413870478052e-01
1.453856113320342036e-01
6.112925294149598177e-01
2.030274993249014948e-01
3.614884021797277192e-01
3.974384741262325660e-01
2.687265216309577265e-01
5.941711419099984237e-01
2.884333218929631126e-01
3.975424450536393928e-01
1.697240694668497932e-02
6.543598866459360286e-01
3.063352895395817233e-01
1.115495624729433838e-01
7.600151534372806550e-01
2.645169253759804273e-01
2.927870725236203162e-02
5.732665885003293549e-02
5.840350871922159876e-02
3.082939175642947505e-01
5.387106230856146816e-01
1.182690025624797414e-01
3.200469224335042440e-01
3.118083221392249360e-01
4.076809215134464398e-02
1.468527121713972539e-01
8.619529493187062796e-02
5.337603775404071993e-02
3.692911760349744388e-02
3.618433247411278475e-01
6.502246468214256669e-01
7.043662289121276066e-02
2.936206994923215019e-01
1.112751906172560062e-01
1.428072081921470671e-01
4.640989826523128636e-01
1.176609650964075687e-01
6.898494034937591168e-01
5.598089857785222279e-01
3.711692156072508020e-01
3.085885304108435534e-01
4.478382445596023054e-01
6.281179449244406188e-01
1.023538892789828542e-01
1.470584384717329995e-01
2.694197701903063361e-02
4.242077374918910571e-01
8.610157681942552654e-02
4.520297195162041315e-01
2.638551171866730938e-01
1.980646072291501400e-02
3.246678783218158171e-01
3.369294968020772330e-01
1.066608166105341149e-01
1.481375018424919698e-01
2.163586853557180611e-01
2.094267139032425507e-01
4.616953280976800467e-01
5.173575100204474975e-01
7.222891938014972535e-01
5.072334489605349050e-01
4.450154191572574525e-01
4.442791443561244225e-01
3.144500331385173264e-01
1.927770095533312134e-01
2.076935059947841167e-01
8.404918975137019022e-01
1.983681945834172011e-01
3.464525568082112983e-01
4.251739748807685793e-01
1.369804820668626966e-01
4.928084740781528139e-01
2.182543572410121924e-01
4.916490596779275052e-02
5.587822756036990579e-02
2.755701700521728456e-02
3.482982435271431698e-01
2.203760954787874760e-01
1.282309211745478461e-01
4.522067325761844336e-01
7.026627414241044811e-02
8.524054717445592733e-01
9.113346973935439188e-02
2.845458713160010922e-02
2.358956118086150411e-01
2.525727311221420135e-01
1.843023728266443562e-02
3.203147771574161862e-01
1.661453339038541921e-02
1.798929972374322950e-01
7.888820790173287634e-01
7.154593237592013488e-02
7.287954503392661820e-01
1.009336015066616826e-01
3.972636150088590390e-01
8.064334588948323113e-01
5.911961428630123361e-02
1.464685254459674735e-01
8.125982143494119014e-02
4.283313766610562512e-01
4.090174809343509986e-03
1.934088880680803202e-01
1.469753647998407048e-02
3.188989275299017878e-01
1.782330461687617051e-01
1.259164800995276889e-01
7.355911012486974210e-01
8.551694693097995348e-01
2.948128925041506587e-01
5.326345162511860742e-01
1.021319161715809887e-01
2.220677676422199986e-01
6.695144146037748101e-01
1.223979266929463017e-01
3.451751258166076974e-01
3.713318805088730579e-01
4.947385346727039557e-01
3.545561480146304234e-01
8.634908774995361247e-01
6.303548663541924668e-02
4.437407851935575853e-01
5.699687799792861609e-02
6.079208274901609643e-01
2.724333244028963597e-01
8.116563561575573793e-01
1.090994917189338359e-01
8.942654545106010211e-01
1.286727652331616512e-01
1.345856943683237383e-01
6.570474052378404428e-01
8.263095827867708021e-01
2.060472219379303610e-02
4.414995980728673164e-01
1.831281630346434652e-01
2.307489855576141669e-01
7.854071127821700415e-02
1.258962133101505509e-01
8.425735646936601819e-01
8.116763810802322954e-02
3.400487823105650120e-01
3.309681601913800897e-01
4.281480347627911742e-01
4.190279018323849192e-01
5.590756120653950223e-02
3.311096940234192765e-02
6.312037807846367088e-02
3.249567764803961145e-01
4.585142571915218901e-01
5.754053198660785684e-01
3.126666722068748849e-01
1.365750691128083394e-01
5.177192352337827153e-01
4.842070452317482898e-01
1.344126710856336782e-01
1.587529416204413180e-01
9.965433945192485321e-02
5.408207537762791395e-01
1.675834878294766572e-01
1.425112981250965527e-01
2.227755446237307813e-01
7.093230361418426666e-01
9.927022118801159811e-02
1.275918981288429732e-01
4.809481457262812509e-01
2.316790202308300142e-02
5.432663274007754062e-02
7.153751484244980086e-01
1.184851038519519756e-01
4.841826228420144651e-01
5.221975365550400594e-02
1.357936759826922357e-01
6.811610179079720384e-02
8.927226946261849205e-01
4.072629145616169510e-01
8.472870263006663238e-01
7.031267125071969382e-01
9.864748876198421446e-01
4.747702084116635080e-01
6.231932231606160943e-01
9.493657211342763080e-01
3.216625533939573844e-01
1.821902511120820356e-01
7.716273787677603302e-01
7.913303223428389543e-01
5.522710066757156033e-01
8.221869657717826296e-01
9.074518751159253993e-01
5.763884572868305245e-01
3.089730915580776172e-01
8.790001826464275414e-01
6.658631147294069574e-01
6.839208458869834306e-01
7.390397027996590262e-01
9.707603202752952409e-01
8.567243074095893807e-01
6.649477646488618499e-01
9.729678926339017098e-01
9.729983717298469337e-01
8.295882752364807100e-01
7.520418998364557517e-01
9.605113539475617079e-01
9.439805514095700456e-01
5.045989047073454747e-01
7.474898321756812125e-01
5.406755991946808892e-01
7.469219280142262996e-01
7.901538708095446895e-01
3.524067934153594650e-01
6.908314809211157925e-01
9.404821318278723252e-01
9.648973706187843336e-01
3.206333955145539427e-01
9.814299027400812392e-01
4.395614933185763573e-01
2.458634276336619517e-01
9.147124410611161549e-01
3.326667321123765730e-01
4.177316595683461808e-01
8.023718711909684220e-01
6.027572057915600023e-01
9.299757739155217751e-01
9.333647802454394515e-01
2.848088072501424595e-01
7.952273136350058724e-01
5.465340223137201692e-01
5.573363492153443621e-01
8.232228598213821025e-01
9.950344156204011803e-01
8.863843473482294621e-01
6.515505371165496440e-01
5.292816958124484383e-01
5.648663029770077948e-01
8.881334731085609446e-01
6.283387924787386947e-01
4.246829861699623621e-01
5.636081301237992891e-01
6.533693790538833701e-01
9.267978746229937892e-01
8.708889452913451956e-01
8.322704788390891117e-01
6.390055709457769240e-01
9.894794589864709389e-01
9.859038419855675750e-01
1.195967168508091649e-01
7.273020332752219153e-01
6.302115300588564395e-01
8.302729975098706028e-01
5.282247291983979132e-01
7.731696875536490099e-01
9.261096169519440480e-01
8.904655216223220648e-01
6.484203328813774592e-01
5.386598164492590879e-01
5.594536418349861373e-01
7.715851884784151737e-01
6.492843557400782561e-01
9.547169201954891493e-01
9.723116780743223941e-01
3.820320391976290142e-01
5.147400690297255776e-01
5.273430305450794719e-01
3.032316841309448119e-01
4.718359256373098609e-01
9.243165449911979747e-01
1.096934395750826935e-01
8.465847306450444698e-01
9.716000087417994147e-01
1.510764199709583311e-01
7.070630083017721557e-01
6.591829302240047594e-01
9.266356455801209036e-01
9.323945208360514547e-01
9.562655384965845773e-01
8.894681859288311454e-01
8.478850486300024691e-01
7.257172999842899097e-01
7.480065668994710926e-01
2.974483976916002526e-01
7.593640205137975885e-01
9.297585269393671137e-01
6.967537385487544421e-01
9.622074832100758757e-01
8.345676171764638829e-01
4.011143056841460219e-01
8.981346587763214817e-01
2.772036099356312011e-01
3.343038555948990020e-01
3.619286282003738031e-01
8.497066175512479891e-01
9.202610371222539332e-01
3.534516082352719968e-01
2.582173465436961579e-01
2.105612336190459677e-01
6.162578862849970029e-01
1.810054195273914091e-01
4.122834395478811587e-01
6.899520809987509384e-01
9.228032274370895349e-01
3.254615215853484123e-01
8.627991151965311856e-01
3.254258568671319907e-01
9.738211588088967474e-01
9.359647806131908832e-01
5.888382455889468181e-01
2.527178889855123955e-01
6.581576904751662571e-01
2.287997807687510432e-01
9.205890226756633377e-01
7.371668000334830051e-01
1.369044474943380829e-01
7.947988723794510157e-01
4.394175906667738829e-01
9.861808951335304663e-01
8.364894085429646076e-01
7.652873409997398291e-01
1.452500178936427522e-01
4.361894143845024829e-01
5.616751460300322130e-01
8.413659890085837256e-01
8.972230652967453368e-01
4.547747503708429728e-01
9.089260081830023985e-01
8.073588142964036596e-01
9.717527909739537284e-01
5.623784368486138829e-01
7.812168543930513298e-01
4.316700833929370540e-01
6.223071803187592010e-01
7.776700000107333866e-01
7.993585080432178414e-01
6.192639763514392603e-01
9.777202584648936323e-01
5.798786708476155738e-01
7.103145229288528872e-01
9.477601952242178385e-01
7.265844409594395259e-01
4.761534073442093562e-01
4.933448352115640256e-01
9.453840807172051441e-01
8.867874132366153628e-01
4.842968690118593655e-01
6.041905213740736968e-01
4.957406111227227186e-01
4.168509860138994716e-01
8.720588629319176999e-01
9.711074160911973285e-01
9.263894717013773095e-01
8.479702927270195145e-01
8.323347608459018554e-01
7.887309843394225695e-01
5.800261876952119700e-01
4.658907575999450268e-01
9.695257000164132499e-01
7.802161325919799717e-01
8.148747112411531823e-01
7.041430490598513670e-01
7.688994974977033658e-01
7.094608205761606667e-01
5.263505517735536654e-02
9.099398664628837174e-01
7.557659569442503056e-01
9.253204712668399168e-01
5.694783918016892432e-01
9.192345189088245716e-01
6.429668331281436222e-01
5.914065467650347907e-01
9.504217942219200799e-01
4.908170646007832816e-01
6.028801662990767030e-01
8.498586684304145766e-01
3.898438742294816350e-01
9.307968942794222489e-01
9.661070662671786824e-01
9.493065758318580682e-01
8.190570539182284726e-01
3.443486363740232425e-01
6.597608798582571543e-01
9.272393995439660586e-01
8.404466629281661660e-01
3.360037337823390535e-01
9.259390681821326741e-01
8.772030997629606253e-01
8.176109581635899737e-01
5.763845359237240729e-01
8.432119728144887860e-01
7.278555202621135312e-01
6.044877080125188318e-01
5.825127148960430601e-01
8.023314522552421613e-01
7.874093197507583408e-01
6.096810542346939865e-01
8.816703594286664503e-01
9.855481454122398954e-01
9.853621547264567182e-01
8.703943824273079333e-01
4.245282707070978101e-01
8.666936318872172640e-01
9.154482924486050388e-01
9.563163845212226954e-01
5.340516289733500122e-01
3.095944429592980551e-01
7.534487775417526567e-01
9.028155414713989746e-01
8.950661259826563354e-01
5.923064128450797883e-01
8.430649253158919443e-01
5.160448909284918312e-02
5.732772377902484173e-01
9.606304872927940997e-01
3.396936662381838112e-01
8.953191656832146794e-01
8.095353223782489893e-01
7.954761698478475251e-01
1.469074265280094771e-01
9.782644718555705277e-01
7.344212729579930876e-01
8.934315176737238628e-01
8.449410576528812999e-01
8.320412360248125028e-01
5.860809672074692722e-01
9.622239260153742091e-01
9.052976350223995716e-01
6.791565025755904594e-01
8.790034958105572560e-01
9.824422714650493660e-01
1.235934598635540088e-02
8.878347161192936543e-01
9.737342613112914824e-01
9.323612456583308949e-01
9.575971667297962231e-01
9.245832484438774035e-01
8.308959728387352861e-01
7.452386715330904243e-01
9.618854335753478368e-01
9.528945934783077387e-01
9.177137418836766036e-01
6.975446652710163287e-01
2.074437062479909666e-01
3.462399233746490390e-01
8.920733734782152480e-01
9.064310935901610522e-01
8.396305640035620632e-01
2.499280588486955945e-01
9.401169477697379762e-01
1.457360235677963023e-01
7.783591068909204713e-01
7.816300860659226579e-01
8.627647667328403047e-01
9.263863337237536744e-01
5.859575749473300288e-01
8.313143772496228712e-01
6.624641997600176913e-01
2.214783028112930485e-01
7.932152770445772827e-01
5.746185759759602218e-01
8.451828741357443331e-01
2.715057863724049114e-01
8.704384760064931559e-01
4.695265669858392776e-01
5.719849722862782038e-01
9.425547092812309735e-01
1.776958576851017935e-01
2.575621416376104866e-01
8.805861174816985715e-01
6.482462725689844829e-01
2.572556694072761774e-01
6.781700178638585541e-01
8.702550451014274824e-01
6.118125053847911499e-01
9.513650105818393099e-01
5.540744436555858909e-01
7.628026474363469589e-01
5.315769857368574103e-01
8.324551825834519692e-01
2.153787838157749657e-01
8.600337029331491800e-01
8.564244053543407231e-01
6.784600102873398209e-01
7.654787369338349468e-01
9.338105117758538354e-01
1.980676549849669232e-01
9.476116042814441975e-01
9.494323931966704988e-01
6.353091923911698968e-01
7.071336617161372295e-02
9.353931699520406928e-01
9.783141689892299597e-01
1.946844998852028386e-01
2.384948179745548236e-01
6.725863953881433543e-01
4.298791009556303111e-01
9.671519989203458678e-01
7.922844530835132515e-01
8.598435049808463848e-01
9.107162643105157773e-01
9.884805078786844668e-01
8.605139095369671587e-01
6.296410493974723410e-01
9.943826367289305690e-01
1.583681293204955154e-01
6.854737949501706895e-01
9.576290393224291542e-01
5.754464762274706935e-01
9.918993847751397253e-01
9.786098908334356361e-01
9.061527582584958385e-01
1.716861370675147047e-01
8.411486241536240971e-02
8.907722836668849897e-01
9.984298865821148450e-01
9.138024252590091212e-01
4.450889142399565013e-01
6.022135713502244636e-01
5.498091257593356040e-01
7.649699037034272120e-01
9.805863921792102866e-01
6.808173440414558852e-01
8.503477716930011310e-01
9.480218355582767931e-01
8.953335338704646595e-01
8.234050400672864034e-02
6.963822832117184669e-01
4.086181494295356709e-01
8.663076240662688221e-01
7.396948413633456232e-01
8.324767588510596505e-01
9.729446725180110889e-01
9.328982233747940001e-01
5.939948786795172797e-01
7.989227711557044254e-01
8.054652675668908524e-01
8.806620098163214783e-01
9.925538777687604730e-01
8.365099177619511606e-01
2.760352894411605140e-01
9.660137520120309906e-01
9.903468193498051741e-01
2.438828682631378753e-01
1.829620583232845210e-01
9.127945626243649802e-01
5.540651132480327590e-01
7.536552313248422452e-01
8.724666928606414906e-01
8.263893553698973271e-01
7.812748966808698015e-01
7.792367477747955684e-01
8.881058950733389246e-01
8.945942304877574358e-01
8.946405779300695693e-01
3.504000501352936281e-01
8.454177999200322979e-01
1.333540585548152468e-01
8.614795090579512316e-01
9.487487850546285628e-01
9.163665710281365673e-01
6.514589440369921158e-01
7.923835204954612355e-01
6.033322791400040908e-01
8.921290948279725352e-01
9.715057083556205564e-01
7.140248971847489301e-01
8.293136027645090502e-01
9.289084841719517094e-01
9.755750321989888896e-01
7.959302874551216211e-01
5.894830942981442723e-01
8.503923147037757424e-01
8.482260743758204269e-01
5.301498379288966945e-01
5.481921080013977265e-01
3.195355030514884231e-01
7.891049115908734812e-01
