1.888172617041188051e-01
8.876985833385041529e-04
1.075704288294545462e-04
1.772566954358421984e-04
6.710449694917875038e-04
3.970642978688009028e-03
1.818715087436043477e-03
1.000935123953709817e-06
1.071476684893826140e-03
2.052961154319201810e-05
4.320190081074318927e-04
1.288772589250360406e-03
8.659545802724266661e-03
1.159384631195731598e-03
2.916200497807767600e-05
7.930520502536339555e-02
1.919919283972030806e-04
5.222430722220304061e-05
6.015234905832438951e-03
1.288733717823244471e-05
4.694055551063841609e-06
1.557765350160003658e-03
1.482257030994013625e-03
4.284689335204754784e-02
1.621595383406489996e-06
3.163227010212449829e-07
1.178099053307420243e-04
2.538362169504594298e-02
1.459433409010754299e-04
9.578728662131161808e-01
1.660905886108066803e-02
2.957799583177651783e-04
1.361855621562596204e-05
9.767686306460023353e-05
8.331005844180025197e-03
4.581470572586373961e-03
6.501126131903990635e-02
6.579327063135685938e-01
3.451220119959657511e-04
6.329710777065618288e-05
4.140142949031822180e-03
1.425658387591814279e-04
2.159085796232427810e-05
9.460420834747068977e-03
1.406308641648960683e-04
1.129277457960693211e-02
1.687018521146122521e-05
2.923282712324075758e-07
7.740755094664572393e-04
9.474389471611577296e-01
6.153415789722212724e-03
9.750792650144263218e-02
4.275162003629459656e-05
3.213176703712829207e-03
8.897182487647899152e-02
8.775423795770386526e-06
1.850750406096445064e-03
3.584788068319241967e-03
3.137279255145774496e-03
3.860116767110673510e-04
2.990564520044699821e-03
2.096350250318840985e-04
1.001761113348967998e-06
9.977224162223421455e-01
9.798153091159116368e-01
8.427857244518861535e-01
8.311362957649930383e-01
9.962043825516339046e-01
9.603494795398835882e-01
9.996640314798376226e-01
9.999606895610091417e-01
9.991106133196598904e-01
9.977326743971671741e-01
9.852577332626604179e-01
9.959696170441143526e-01
8.021282810014760400e-01
9.870353083064752342e-01
9.873902731725381354e-01
9.991913051611394092e-01
6.530871217391448491e-01
9.951268414611319502e-01
9.999615407196337236e-01
9.990041167705844272e-01
9.943562185130646602e-01
9.786536100880142142e-01
7.273167731081005005e-01
9.944614406767510184e-01
9.973224759282736107e-01
9.998761118736299025e-01
9.863861859172939894e-01
8.417476901227807229e-01
9.950359895360553208e-01
9.702527486831596937e-01
9.970377786205457671e-01
9.619032997200475110e-01
9.998912660738425995e-01
9.990871104461339636e-01
9.518885318491377978e-01
9.998521112551740364e-01
9.995619771950601251e-01
9.998836549098238935e-01
9.883605932137002892e-01
9.853987967314805640e-01
9.995111932964241275e-01
7.981116563333681135e-01
9.914278147449056000e-01
9.790120302896908600e-01
9.989383293173297318e-01
9.479956152794420943e-01
9.557385780921654472e-01
9.995742895208914458e-01
9.286929339858764898e-01
9.932755698910831210e-01
9.479026938412421499e-01
6.508411121964231549e-01
9.943124963132028427e-01
9.992188707594584773e-01
9.250498662097134117e-01
9.995057713806446698e-01
9.908014413571766266e-01
9.743155563884705606e-01
9.940323045222995146e-01
9.345559259348993342e-01
9.994172081963446086e-01
9.998236706099388194e-01
3.621663278094883753e-01
