5.814773546573352020e-02
7.565006878099499350e-03
6.940038201778628464e-03
1.191586077465894671e-02
1.195899347444289926e-02
2.672793998239249638e-02
1.389078311472877192e-02
7.292062265769019185e-04
2.281304872706217332e-02
4.364658413938106440e-03
8.889681406448539727e-03
9.491111597561921812e-03
1.177478463743484964e-02
1.233133825332423730e-02
3.736208653138941779e-03
8.495805424306185349e-02
3.205212518096818737e-03
7.112305679997214108e-03
1.812703317613621051e-02
2.303090580248474527e-03
2.471335773124749835e-03
2.503436718157746668e-02
1.393840755113997035e-02
1.839294641106535913e-02
1.210979213217746242e-03
1.540661500683061227e-03
5.660211504609387323e-03
4.424571424726683744e-02
3.117041009203849571e-03
1.014375897204226051e-01
1.509796249880954351e-02
2.965880872737065941e-03
1.239166187663069425e-03
3.636606478534884154e-03
3.731682434484798194e-02
1.234753269190925172e-02
3.634090785674300855e-02
4.831977201800444904e-02
4.295515900936078962e-03
4.543472091525277597e-03
1.233014190243823284e-02
5.040615484638350310e-03
1.970133449603672215e-03
1.888067124765209839e-02
1.200988316884654336e-02
1.927900208105295943e-02
3.084108505830225264e-03
1.047528066569331905e-03
8.440074115511923478e-03
2.025290612083940067e-01
1.078827275254297391e-02
2.131916586798115326e-02
5.020449167638684797e-03
2.176370006609039051e-02
1.183177587858647364e-02
1.386241694933798953e-03
1.284657038385753416e-02
9.627510393049111201e-03
1.794229039463489037e-02
1.012424565455705139e-02
5.085581322705436634e-03
3.713211759757840957e-03
7.504696715125309383e-04
2.218501918494989456e-01
1.310375468767566443e-01
1.067255144033225495e-01
1.010249872942068916e-01
1.287700019436188170e-01
1.227229520437253252e-01
2.552246781699275546e-01
3.850392001959870858e-01
2.059237099859945186e-01
1.994648165247024374e-01
1.551511569830730797e-01
2.129186643267121648e-01
9.937293286063234032e-02
1.530721739071554399e-01
1.260138168012978066e-01
1.660286297049707316e-01
6.793878519289918427e-02
1.558186592062600073e-01
3.934838429089562162e-01
2.085013846744249166e-01
1.726930124742488137e-01
1.043624208278637611e-01
9.382866963634729773e-02
1.165291093432812009e-01
1.854612616974576356e-01
2.777956623400617553e-01
1.661340922568430023e-01
1.083225528329038873e-01
1.590798949168656107e-01
1.253199232696693421e-01
1.709773094553640460e-01
1.370583927191089679e-01
2.408634969394543857e-01
1.992383237019327291e-01
1.059163883065978029e-01
1.896590781981271623e-01
2.314301598935987747e-01
2.947510147466605446e-01
1.600532111015954828e-01
1.439182018716224365e-01
2.281081668330819934e-01
7.446672337166693190e-02
1.452053887472350147e-01
1.537639312097870692e-01
2.029662435233870188e-01
1.209944671406627398e-01
9.218046026671972148e-02
2.246482689379145359e-01
8.455879619155967641e-02
1.892616805069720909e-01
9.607557566366600743e-02
7.507959708812890487e-02
2.145776684891635699e-01
2.674766155487482977e-01
1.221464150388643227e-01
2.150373832752663916e-01
1.570365410279605245e-01
1.387473665327881300e-01
1.393112943926048397e-01
1.133427001669794210e-01
1.860127675932602143e-01
2.775947857948332653e-01
5.350169502236410551e-02
